1	29
1	41
1	49
1	53
1	54
1	69
1	75
1	82
1	125
1	210
1	213
1	281
1	291
1	306
1	375
1	397
1	430
1	465
2	4
2	16
2	24
2	26
2	32
2	40
2	44
2	79
2	111
2	142
2	161
2	259
2	284
2	395
2	479
2	484
3	20
3	52
3	59
3	76
3	78
3	83
3	86
3	93
3	100
3	131
3	189
3	336
3	383
3	393
3	398
3	417
3	439
3	446
3	473
4	2
4	16
4	24
4	25
4	26
4	32
4	35
4	40
4	44
4	59
4	79
4	117
4	309
4	314
4	328
4	385
4	398
4	451
4	495
5	78
5	121
5	158
5	194
5	220
5	222
5	239
5	281
5	302
5	313
5	336
5	339
5	342
5	349
5	365
5	375
5	392
5	405
5	424
5	471
5	482
6	1
6	8
6	10
6	19
6	47
6	50
6	112
6	213
6	215
6	241
6	324
6	337
6	403
6	436
6	451
6	468
6	478
6	493
6	495
7	3
7	18
7	52
7	72
7	76
7	78
7	83
7	86
7	93
7	100
7	131
7	189
7	190
7	223
7	231
7	252
7	368
7	426
7	464
8	6
8	10
8	19
8	20
8	47
8	50
8	70
8	71
8	149
8	213
8	241
8	264
8	297
8	303
8	392
8	403
8	406
8	478
8	492
9	141
9	151
9	174
9	182
9	193
9	197
9	199
9	204
9	222
9	229
9	236
9	238
9	248
9	260
9	305
9	335
9	385
9	474
9	475
9	487
10	6
10	8
10	13
10	19
10	47
10	50
10	134
10	149
10	178
10	209
10	213
10	241
10	292
10	400
10	468
10	487
11	92
11	138
11	246
11	278
11	293
11	322
11	358
11	384
11	393
11	404
11	409
11	415
11	425
11	442
11	449
11	458
11	460
11	463
11	464
11	470
11	480
12	127
12	175
12	269
12	285
12	315
12	331
12	338
12	343
12	386
12	390
12	395
12	407
12	433
12	437
12	453
12	459
12	469
12	475
12	479
12	481
12	497
13	43
13	56
13	62
13	121
13	132
13	141
13	286
13	296
13	306
13	314
13	346
13	351
13	377
13	445
13	458
13	461
13	470
13	482
13	483
13	496
14	57
14	167
14	225
14	226
14	230
14	250
14	260
14	262
14	278
14	297
14	298
14	323
14	326
14	332
14	341
14	355
14	362
14	381
14	492
14	497
14	498
15	18
15	61
15	73
15	89
15	91
15	98
15	110
15	114
15	135
15	326
15	348
15	352
15	431
15	458
15	467
15	470
16	26
16	119
16	144
16	158
16	184
16	186
16	196
16	311
16	337
16	373
16	398
16	411
16	431
16	447
16	448
16	463
16	471
16	473
16	480
16	483
17	137
17	154
17	157
17	172
17	214
17	263
17	288
17	308
17	363
17	366
17	368
17	370
17	376
17	417
17	418
17	423
17	431
17	434
17	435
17	477
17	482
18	61
18	76
18	89
18	98
18	110
18	114
18	135
18	237
18	292
18	297
18	328
18	352
18	362
18	366
18	378
18	415
18	449
18	459
18	461
18	489
19	6
19	8
19	10
19	47
19	50
19	72
19	84
19	149
19	185
19	206
19	213
19	241
19	285
19	327
19	404
19	436
20	22
20	66
20	120
20	145
20	149
20	173
20	188
20	195
20	201
20	207
20	209
20	228
20	252
20	253
20	343
20	344
20	352
20	400
20	416
20	488
21	5
21	216
21	253
21	272
21	290
21	363
21	368
21	370
21	387
21	417
21	431
21	432
21	434
21	435
21	468
21	471
21	482
21	497
21	500
22	20
22	66
22	120
22	145
22	149
22	173
22	194
22	201
22	207
22	209
22	228
22	252
22	352
22	391
22	400
22	438
22	441
22	446
22	490
23	25
23	104
23	113
23	150
23	155
23	160
23	171
23	180
23	200
23	210
23	212
23	223
23	282
23	303
23	347
23	400
23	409
23	456
23	481
24	14
24	16
24	44
24	79
24	276
24	299
24	312
24	323
24	328
24	336
24	354
24	357
24	413
24	425
24	443
24	452
24	460
24	471
24	492
24	499
25	67
25	113
25	143
25	155
25	160
25	167
25	171
25	180
25	200
25	210
25	212
25	223
25	276
25	319
25	347
25	363
25	400
25	413
25	418
25	420
26	2
26	4
26	16
26	24
26	32
26	40
26	44
26	79
26	111
26	127
26	234
26	299
26	377
26	425
26	426
26	431
26	452
26	467
27	80
27	87
27	185
27	234
27	265
27	306
27	346
27	353
27	359
27	367
27	369
27	371
27	393
27	399
27	450
27	454
27	468
27	490
27	491
27	492
28	30
28	36
28	42
28	54
28	116
28	241
28	287
28	294
28	313
28	353
28	360
28	361
28	450
28	452
28	498
29	1
29	13
29	41
29	53
29	69
29	75
29	82
29	125
29	196
29	213
29	236
29	247
29	260
29	291
29	381
29	429
29	437
29	478
29	496
30	28
30	36
30	42
30	54
30	157
30	211
30	238
30	241
30	294
30	312
30	313
30	316
30	407
30	429
30	445
30	452
30	476
30	485
31	38
31	80
31	98
31	119
31	124
31	134
31	144
31	165
31	176
31	184
31	211
31	214
31	219
31	240
31	244
31	304
31	308
31	317
31	356
31	391
32	2
32	4
32	16
32	24
32	26
32	40
32	44
32	79
32	180
32	199
32	251
32	285
32	312
32	359
32	370
32	436
33	27
33	182
33	185
33	229
33	238
33	280
33	287
33	295
33	305
33	327
33	358
33	378
33	394
33	399
33	444
33	486
33	487
33	490
33	491
33	492
34	190
34	220
34	281
34	284
34	289
34	302
34	325
34	327
34	334
34	336
34	342
34	347
34	349
34	356
34	365
34	392
34	405
34	418
34	424
34	473
34	487
35	37
35	244
35	257
35	263
35	268
35	271
35	357
35	364
35	375
35	383
35	402
35	409
35	411
35	422
35	428
35	429
35	452
35	455
35	456
35	493
35	498
36	28
36	30
36	42
36	54
36	204
36	241
36	294
36	308
36	313
36	360
36	425
36	452
36	472
36	488
37	51
37	245
37	251
37	257
37	263
37	271
37	357
37	364
37	375
37	383
37	397
37	402
37	421
37	422
37	429
37	455
37	456
37	464
37	487
37	498
38	129
38	198
38	211
38	212
38	247
38	261
38	289
38	295
38	311
38	312
38	328
38	338
38	350
38	360
38	373
38	379
38	399
38	432
38	448
38	468
39	33
39	80
39	87
39	234
39	306
39	320
39	324
39	325
39	345
39	346
39	353
39	359
39	367
39	371
39	428
39	453
39	466
39	468
39	490
39	491
39	492
40	2
40	4
40	16
40	24
40	26
40	32
40	44
40	79
40	124
40	147
40	222
40	233
40	368
40	401
40	462
40	467
40	477
40	479
40	491
41	1
41	29
41	50
41	53
41	69
41	75
41	82
41	125
41	164
41	180
41	213
41	253
41	291
41	388
41	405
41	408
41	430
41	495
42	28
42	30
42	36
42	54
42	241
42	289
42	294
42	313
42	382
42	414
42	416
42	434
42	452
42	481
43	31
43	46
43	90
43	103
43	108
43	130
43	142
43	152
43	267
43	317
43	352
43	406
43	413
43	423
43	426
43	464
43	471
43	473
43	484
43	499
44	15
44	16
44	26
44	32
44	36
44	64
44	79
44	202
44	287
44	301
44	314
44	338
44	352
44	364
44	379
44	390
44	431
44	481
44	494
45	111
45	118
45	122
45	146
45	147
45	151
45	196
45	234
45	274
45	294
45	348
45	349
45	414
45	465
45	476
46	3
46	29
46	43
46	90
46	103
46	108
46	130
46	142
46	152
46	280
46	317
46	327
46	333
46	334
46	447
46	452
46	471
46	473
47	6
47	8
47	10
47	19
47	50
47	149
47	203
47	213
47	233
47	241
47	404
47	452
47	460
47	464
47	491
47	496
48	62
48	64
48	74
48	123
48	188
48	215
48	217
48	249
48	264
48	286
48	300
48	314
48	331
48	351
48	367
48	377
48	389
48	443
48	482
48	500
49	97
49	142
49	233
49	303
49	321
49	324
49	329
49	344
49	378
49	382
49	401
49	410
49	416
49	423
49	430
49	439
49	450
49	466
49	467
49	474
50	6
50	8
50	10
50	19
50	47
50	61
50	75
50	149
50	162
50	213
50	235
50	241
50	245
50	332
50	364
50	434
50	435
50	472
50	481
51	29
51	81
51	139
51	246
51	263
51	271
51	300
51	357
51	363
51	364
51	383
51	397
51	402
51	421
51	422
51	429
51	452
51	455
51	456
51	475
51	476
52	3
52	7
52	76
52	78
52	83
52	86
52	93
52	95
52	100
52	131
52	223
52	236
52	412
52	431
52	443
52	445
52	489
53	1
53	29
53	41
53	69
53	75
53	82
53	125
53	273
53	291
53	385
53	388
53	408
53	412
53	438
53	454
53	461
53	476
53	484
53	492
54	28
54	30
54	36
54	42
54	125
54	241
54	294
54	313
54	321
54	362
54	367
54	438
54	452
54	471
55	71
55	92
55	107
55	189
55	246
55	255
55	277
55	358
55	369
55	384
55	409
55	415
55	425
55	449
55	458
55	460
55	463
55	464
55	470
55	476
55	480
56	63
56	68
56	96
56	106
56	115
56	140
56	156
56	163
56	178
56	192
56	215
56	267
56	361
56	379
56	434
56	435
56	482
56	484
56	488
57	101
57	127
57	256
57	285
57	307
57	343
57	385
57	390
57	395
57	407
57	412
57	419
57	420
57	433
57	437
57	445
57	453
57	459
57	469
57	479
57	481
58	62
58	105
58	129
58	170
58	224
58	230
58	231
58	247
58	261
58	265
58	273
58	289
58	295
58	312
58	328
58	337
58	350
58	360
58	373
58	379
58	489
59	70
59	240
59	296
59	298
59	314
59	321
59	332
59	338
59	351
59	368
59	375
59	377
59	408
59	417
59	418
59	421
59	431
59	434
59	435
59	468
60	27
60	39
60	80
60	136
60	185
60	203
60	234
60	254
60	293
60	346
60	353
60	359
60	367
60	369
60	371
60	388
60	399
60	440
60	462
60	491
60	495
61	73
61	89
61	91
61	98
61	114
61	122
61	135
61	139
61	152
61	159
61	163
61	241
61	352
61	354
61	397
61	435
61	462
61	478
61	479
61	500
62	13
62	74
62	95
62	121
62	123
62	126
62	188
62	215
62	217
62	249
62	258
62	264
62	267
62	286
62	314
62	351
62	377
62	390
62	418
62	482
63	56
63	68
63	96
63	106
63	115
63	125
63	137
63	140
63	156
63	158
63	163
63	178
63	192
63	261
63	268
63	280
63	461
63	476
63	488
64	67
64	74
64	95
64	123
64	146
64	188
64	194
64	215
64	217
64	249
64	264
64	272
64	286
64	294
64	314
64	351
64	377
64	441
64	462
64	482
65	185
65	203
65	227
65	234
65	254
65	282
65	287
65	306
65	346
65	353
65	359
65	367
65	371
65	399
65	404
65	462
65	468
65	490
65	491
65	492
65	500
66	20
66	28
66	65
66	120
66	145
66	173
66	201
66	203
66	207
66	209
66	228
66	269
66	289
66	352
66	399
66	400
66	446
66	447
66	458
66	476
67	106
67	227
67	274
67	288
67	318
67	320
67	360
67	363
67	366
67	370
67	376
67	408
67	417
67	418
67	431
67	434
67	435
67	443
67	468
67	473
67	482
68	47
68	56
68	63
68	96
68	106
68	113
68	115
68	140
68	156
68	163
68	178
68	192
68	373
68	390
68	409
68	429
68	443
68	446
68	460
69	1
69	29
69	41
69	53
69	75
69	82
69	125
69	135
69	216
69	247
69	291
69	315
69	377
69	383
69	432
69	450
69	475
69	497
69	498
70	21
70	32
70	112
70	143
70	166
70	170
70	190
70	216
70	241
70	249
70	253
70	267
70	272
70	290
70	345
70	376
70	404
70	408
70	432
70	497
71	255
71	273
71	293
71	322
71	341
71	384
71	388
71	393
71	404
71	409
71	425
71	432
71	442
71	449
71	458
71	460
71	463
71	464
71	470
71	480
72	34
72	128
72	153
72	158
72	169
72	284
72	299
72	319
72	325
72	336
72	339
72	340
72	342
72	349
72	380
72	392
72	405
72	424
72	471
72	487
73	18
73	61
73	70
73	89
73	91
73	98
73	110
73	114
73	135
73	137
73	166
73	254
73	374
73	427
73	433
73	435
73	469
73	478
73	495
74	13
74	48
74	64
74	126
74	188
74	200
74	217
74	232
74	249
74	264
74	277
74	291
74	296
74	314
74	351
74	369
74	377
74	439
74	482
74	493
75	1
75	29
75	41
75	53
75	69
75	82
75	125
75	135
75	207
75	213
75	251
75	291
75	363
75	375
75	383
75	444
75	453
75	469
75	470
76	3
76	23
76	24
76	83
76	86
76	93
76	101
76	131
76	144
76	290
76	318
76	320
76	379
76	386
76	401
76	402
76	418
76	440
76	456
76	482
77	39
77	60
77	116
77	179
77	185
77	203
77	235
77	290
77	306
77	346
77	353
77	355
77	359
77	367
77	399
77	401
77	462
77	468
77	490
77	491
78	3
78	7
78	52
78	76
78	83
78	86
78	93
78	100
78	106
78	131
78	305
78	333
78	365
78	377
78	417
78	440
78	441
78	469
78	481
79	2
79	4
79	16
79	19
79	24
79	26
79	32
79	40
79	44
79	59
79	144
79	243
79	381
79	403
79	429
79	482
79	490
80	27
80	39
80	65
80	116
80	185
80	203
80	254
80	274
80	306
80	345
80	353
80	359
80	367
80	396
80	462
80	467
80	468
80	490
80	491
80	492
80	495
81	35
81	37
81	218
81	251
81	268
81	271
81	275
81	300
81	357
81	364
81	375
81	397
81	402
81	411
81	421
81	422
81	429
81	441
81	455
81	456
81	498
82	1
82	29
82	41
82	53
82	60
82	69
82	75
82	102
82	125
82	186
82	213
82	219
82	235
82	291
82	340
82	440
83	3
83	76
83	78
83	86
83	93
83	100
83	117
83	131
83	139
83	156
83	176
83	323
83	389
83	425
83	446
83	449
83	455
83	473
83	488
83	494
84	138
84	162
84	189
84	277
84	278
84	282
84	293
84	341
84	384
84	388
84	393
84	415
84	425
84	442
84	449
84	458
84	460
84	463
84	464
84	470
84	480
85	191
85	193
85	208
85	232
85	283
85	311
85	327
85	372
85	380
85	403
85	406
85	427
85	438
85	440
85	444
85	448
85	451
85	454
85	461
85	472
85	491
86	3
86	42
86	76
86	78
86	83
86	93
86	100
86	131
86	170
86	205
86	260
86	266
86	361
86	376
86	402
86	404
86	405
86	416
86	424
86	484
87	27
87	65
87	77
87	185
87	287
87	306
87	353
87	359
87	367
87	369
87	371
87	387
87	399
87	432
87	462
87	468
87	483
87	489
87	490
87	491
87	492
88	9
88	74
88	128
88	174
88	182
88	193
88	199
88	229
88	236
88	238
88	248
88	280
88	305
88	318
88	335
88	341
88	438
88	439
88	487
88	498
89	18
89	61
89	73
89	90
89	91
89	98
89	110
89	114
89	117
89	135
89	186
89	192
89	245
89	246
89	305
89	339
89	352
89	378
89	392
89	448
90	43
90	46
90	47
90	58
90	103
90	108
90	130
90	142
90	152
90	277
90	302
90	317
90	421
90	429
90	471
90	473
91	18
91	61
91	73
91	81
91	89
91	98
91	110
91	114
91	121
91	135
91	196
91	352
91	359
91	372
91	399
91	412
91	414
91	468
91	485
92	107
92	138
92	162
92	246
92	255
92	322
92	341
92	358
92	384
92	388
92	404
92	425
92	442
92	449
92	458
92	460
92	463
92	464
92	470
92	476
92	480
93	52
93	76
93	78
93	83
93	86
93	100
93	112
93	122
93	131
93	198
93	201
93	287
93	301
93	311
93	331
93	398
93	433
93	442
93	444
93	461
94	269
94	301
94	307
94	315
94	374
94	385
94	390
94	395
94	407
94	412
94	419
94	433
94	437
94	445
94	453
94	459
94	469
94	475
94	479
94	481
94	497
95	13
95	48
95	59
95	62
95	64
95	91
95	121
95	126
95	188
95	207
95	215
95	249
95	264
95	286
95	314
95	350
95	351
95	377
95	458
95	482
96	56
96	63
96	68
96	106
96	110
96	115
96	137
96	140
96	156
96	163
96	175
96	178
96	192
96	315
96	428
96	436
96	480
96	485
97	148
97	233
97	243
97	270
97	303
97	321
97	324
97	334
97	335
97	344
97	378
97	382
97	389
97	410
97	416
97	428
97	439
97	450
97	466
97	467
97	490
98	18
98	61
98	73
98	89
98	91
98	110
98	114
98	135
98	142
98	352
98	377
98	407
98	419
98	420
98	445
98	449
98	474
98	485
98	492
98	498
99	159
99	167
99	179
99	225
99	230
99	250
99	262
99	297
99	298
99	323
99	326
99	332
99	337
99	362
99	381
99	390
99	417
99	449
99	489
99	492
99	498
100	3
100	7
100	22
100	52
100	76
100	78
100	80
100	83
100	86
100	93
100	94
100	124
100	131
100	184
100	366
100	372
101	12
101	206
101	307
101	338
101	343
101	374
101	385
101	390
101	395
101	407
101	412
101	419
101	420
101	433
101	437
101	445
101	453
101	459
101	469
101	479
101	481
102	57
102	94
102	101
102	256
102	269
102	301
102	343
102	386
102	390
102	395
102	412
102	419
102	420
102	433
102	437
102	453
102	459
102	469
102	479
102	481
102	497
103	43
103	46
103	90
103	108
103	130
103	142
103	152
103	160
103	198
103	246
103	317
103	388
103	471
103	473
103	497
103	499
103	500
104	1
104	17
104	23
104	25
104	82
104	113
104	128
104	150
104	155
104	160
104	171
104	180
104	200
104	210
104	212
104	216
104	223
104	400
104	484
104	485
105	58
105	117
105	172
105	198
105	218
105	247
105	255
105	265
105	289
105	295
105	312
105	328
105	348
105	350
105	360
105	373
105	379
105	419
105	436
105	495
106	26
106	84
106	96
106	115
106	127
106	156
106	178
106	192
106	322
106	344
106	392
106	427
106	442
106	462
106	463
106	464
106	468
106	480
106	489
106	493
107	11
107	44
107	246
107	293
107	341
107	358
107	384
107	388
107	404
107	409
107	415
107	425
107	442
107	449
107	458
107	460
107	463
107	464
107	465
107	470
107	480
108	43
108	46
108	90
108	103
108	125
108	130
108	142
108	152
108	238
108	239
108	250
108	279
108	301
108	317
108	418
108	471
108	472
108	473
108	483
109	193
109	344
109	401
109	403
109	406
109	410
109	416
109	423
109	428
109	430
109	438
109	439
109	440
109	444
109	450
109	451
109	461
109	466
109	467
109	472
109	491
110	15
110	18
110	61
110	68
110	73
110	77
110	89
110	91
110	98
110	114
110	135
110	225
110	255
110	321
110	352
110	378
110	476
111	45
111	118
111	122
111	141
111	146
111	147
111	151
111	196
111	286
111	294
111	348
111	375
111	398
111	414
111	424
111	433
111	470
111	476
111	481
112	21
112	70
112	143
112	166
112	175
112	190
112	209
112	216
112	247
112	253
112	267
112	272
112	290
112	334
112	345
112	364
112	404
112	432
112	497
113	23
113	25
113	99
113	104
113	150
113	155
113	160
113	171
113	180
113	200
113	210
113	212
113	216
113	217
113	223
113	262
113	268
113	322
113	400
113	413
114	18
114	40
114	73
114	89
114	91
114	98
114	105
114	110
114	135
114	136
114	154
114	204
114	205
114	257
114	352
114	407
114	410
114	440
114	469
114	481
115	37
115	56
115	63
115	68
115	96
115	106
115	137
115	140
115	156
115	163
115	178
115	182
115	192
115	229
115	252
115	258
115	262
115	334
115	465
116	60
116	65
116	77
116	87
116	172
116	234
116	244
116	254
116	287
116	306
116	346
116	353
116	359
116	367
116	371
116	399
116	462
116	479
116	484
116	492
117	38
117	129
117	161
117	198
117	224
117	261
117	265
117	289
117	295
117	312
117	313
117	328
117	350
117	360
117	373
117	374
117	379
117	399
117	412
117	443
117	454
118	3
118	45
118	109
118	111
118	122
118	146
118	147
118	151
118	196
118	294
118	301
118	348
118	380
118	400
118	405
118	414
118	456
118	472
118	476
119	31
119	120
119	124
119	134
119	144
119	165
119	176
119	184
119	209
119	211
119	214
119	219
119	240
119	244
119	330
119	393
119	448
119	499
120	20
120	22
120	66
120	137
120	145
120	149
120	173
120	201
120	207
120	209
120	228
120	252
120	340
120	352
120	364
120	400
120	464
120	477
120	480
121	48
121	62
121	64
121	74
121	95
121	123
121	126
121	249
121	264
121	279
121	296
121	302
121	313
121	314
121	346
121	351
121	356
121	377
121	465
121	482
122	45
122	111
122	118
122	146
122	147
122	151
122	196
122	245
122	294
122	335
122	348
122	373
122	411
122	414
122	444
122	476
122	481
122	498
123	54
123	59
123	64
123	126
123	188
123	206
123	215
123	264
123	270
123	286
123	296
123	314
123	351
123	357
123	377
123	393
123	408
123	459
123	482
123	494
124	31
124	63
124	69
124	119
124	134
124	144
124	165
124	176
124	182
124	184
124	211
124	214
124	219
124	244
124	283
124	411
124	474
124	488
124	489
124	498
125	36
125	69
125	75
125	82
125	131
125	150
125	168
125	224
125	256
125	258
125	291
125	323
125	331
125	349
125	358
125	391
125	452
125	458
125	473
125	494
126	16
126	48
126	62
126	95
126	121
126	217
126	248
126	249
126	286
126	296
126	310
126	314
126	337
126	343
126	351
126	377
126	413
126	473
126	482
126	498
127	57
127	206
127	285
127	307
127	315
127	331
127	338
127	343
127	385
127	386
127	395
127	407
127	419
127	437
127	445
127	453
127	459
127	469
127	479
127	481
127	497
128	11
128	34
128	72
128	194
128	220
128	281
128	284
128	296
128	299
128	325
128	336
128	340
128	342
128	347
128	356
128	365
128	392
128	424
128	429
128	434
128	471
129	105
129	152
129	161
129	170
129	175
129	224
129	234
129	261
129	265
129	295
129	309
129	328
129	350
129	360
129	373
129	379
129	400
129	405
129	406
129	478
130	43
130	46
130	66
130	90
130	103
130	108
130	142
130	152
130	283
130	305
130	317
130	407
130	427
130	455
130	471
130	473
131	52
131	76
131	78
131	79
131	83
131	85
131	86
131	93
131	100
131	171
131	220
131	333
131	344
131	366
131	412
131	420
131	432
131	437
131	456
131	468
132	17
132	67
132	172
132	179
132	274
132	288
132	318
132	320
132	339
132	363
132	366
132	370
132	376
132	408
132	417
132	418
132	431
132	434
132	435
132	482
133	102
133	333
133	386
133	413
133	433
133	436
133	437
133	445
133	446
133	447
133	469
133	477
133	479
133	481
133	483
133	484
133	493
133	496
133	499
133	500
134	31
134	32
134	48
134	119
134	126
134	159
134	165
134	176
134	184
134	192
134	198
134	211
134	214
134	219
134	244
134	386
134	454
134	477
134	491
135	10
135	15
135	18
135	61
135	73
135	89
135	91
135	98
135	110
135	114
135	201
135	328
135	347
135	352
135	423
135	439
135	487
135	496
135	497
136	65
136	77
136	80
136	235
136	254
136	257
136	287
136	290
136	306
136	352
136	353
136	359
136	367
136	371
136	399
136	444
136	468
136	490
136	491
137	21
137	95
137	106
137	140
137	156
137	163
137	296
137	317
137	320
137	336
137	382
137	389
137	396
137	417
137	434
137	435
137	451
137	468
137	482
138	84
138	189
138	341
138	384
138	388
138	393
138	409
138	415
138	424
138	432
138	442
138	449
138	458
138	460
138	463
138	464
138	470
138	475
138	476
138	480
139	35
139	192
139	245
139	271
139	275
139	279
139	280
139	300
139	357
139	364
139	375
139	397
139	402
139	411
139	421
139	422
139	429
139	455
139	456
140	56
140	68
140	82
140	92
140	106
140	119
140	156
140	163
140	178
140	187
140	192
140	278
140	342
140	391
140	411
140	418
140	467
140	479
140	496
141	7
141	9
141	33
141	88
141	118
141	199
141	236
141	238
141	248
141	260
141	278
141	280
141	303
141	305
141	329
141	335
141	381
141	477
141	487
142	43
142	46
142	53
142	90
142	103
142	108
142	130
142	152
142	154
142	169
142	296
142	317
142	453
142	471
142	473
142	495
143	70
143	112
143	166
143	190
143	216
143	247
143	253
143	267
143	272
143	290
143	293
143	345
143	384
143	404
143	414
143	432
143	448
143	497
144	30
144	31
144	119
144	124
144	134
144	158
144	165
144	176
144	180
144	184
144	211
144	214
144	219
144	325
144	355
144	382
144	391
144	417
144	489
145	20
145	22
145	66
145	120
145	139
145	149
145	173
145	201
145	207
145	225
145	228
145	252
145	314
145	352
145	391
145	396
145	400
145	401
146	45
146	111
146	118
146	122
146	147
146	151
146	172
146	196
146	294
146	295
146	323
146	333
146	348
146	414
146	417
146	420
146	476
147	45
147	111
147	118
147	122
147	146
147	151
147	159
147	168
147	196
147	294
147	348
147	378
147	414
147	447
147	476
148	49
148	120
148	270
148	324
148	334
148	382
148	389
148	401
148	410
148	416
148	423
148	428
148	430
148	439
148	450
148	466
148	467
148	472
148	490
149	8
149	19
149	33
149	44
149	46
149	113
149	207
149	208
149	212
149	258
149	300
149	383
149	387
149	396
149	400
149	401
149	410
149	459
149	494
150	23
150	25
150	104
150	113
150	155
150	160
150	171
150	180
150	200
150	210
150	212
150	223
150	251
150	310
150	394
150	400
150	407
150	433
150	451
151	6
151	45
151	111
151	118
151	122
151	129
151	146
151	147
151	165
151	170
151	196
151	202
151	238
151	348
151	389
151	414
151	476
151	480
152	11
152	43
152	46
152	90
152	103
152	108
152	130
152	142
152	284
152	317
152	338
152	415
152	471
152	473
152	474
152	488
152	494
153	51
153	243
153	263
153	268
153	271
153	291
153	350
153	357
153	364
153	383
153	397
153	421
153	422
153	429
153	452
153	455
153	456
153	475
153	498
154	67
154	132
154	137
154	227
154	240
154	288
154	317
154	318
154	366
154	370
154	376
154	408
154	417
154	431
154	433
154	434
154	435
154	482
154	499
155	25
155	104
155	113
155	150
155	160
155	171
155	180
155	200
155	210
155	212
155	223
155	229
155	300
155	344
155	365
155	400
155	434
155	441
155	462
156	68
156	96
156	105
156	106
156	115
156	140
156	163
156	178
156	192
156	203
156	217
156	299
156	354
156	361
156	424
156	455
156	466
156	478
156	492
157	17
157	130
157	154
157	177
157	228
157	288
157	317
157	318
157	320
157	366
157	368
157	376
157	408
157	417
157	418
157	431
157	434
157	435
157	468
158	5
158	128
158	136
158	169
158	299
158	302
158	320
158	325
158	339
158	342
158	349
158	356
158	392
158	404
158	405
158	418
158	424
158	473
158	486
158	487
159	14
159	167
159	179
159	225
159	226
159	230
159	250
159	262
159	269
159	282
159	297
159	323
159	326
159	332
159	344
159	362
159	381
159	441
159	492
159	498
160	23
160	25
160	104
160	113
160	150
160	155
160	171
160	180
160	197
160	200
160	208
160	210
160	212
160	223
160	262
160	400
160	449
160	466
160	486
161	58
161	75
161	105
161	129
161	154
161	170
161	175
161	237
161	252
161	265
161	289
161	312
161	318
161	328
161	350
161	360
161	371
161	373
161	379
161	431
162	92
162	107
162	273
162	277
162	350
162	369
162	388
162	393
162	409
162	415
162	442
162	449
162	457
162	458
162	460
162	463
162	464
162	470
162	476
162	480
163	51
163	56
163	63
163	68
163	96
163	106
163	115
163	137
163	140
163	156
163	171
163	178
163	192
163	355
163	379
163	429
163	460
163	470
164	243
164	300
164	329
164	334
164	344
164	355
164	375
164	382
164	411
164	416
164	421
164	422
164	428
164	429
164	430
164	450
164	455
164	456
164	466
164	467
165	18
165	31
165	66
165	116
165	119
165	124
165	134
165	144
165	149
165	176
165	184
165	209
165	211
165	214
165	219
165	221
165	244
165	469
166	70
166	112
166	143
166	190
166	216
166	247
166	253
166	267
166	272
166	290
166	294
166	345
166	404
166	432
166	452
166	457
166	482
166	493
166	496
166	497
167	159
167	179
167	226
167	230
167	262
167	297
167	298
167	323
167	326
167	330
167	332
167	337
167	355
167	362
167	370
167	381
167	406
167	424
167	492
167	498
168	191
168	283
168	310
168	311
168	327
168	372
168	380
168	403
168	414
168	427
168	438
168	440
168	443
168	444
168	448
168	451
168	454
168	461
168	462
168	472
169	158
169	164
169	187
169	194
169	222
169	239
169	299
169	302
169	308
169	313
169	336
169	339
169	340
169	349
169	365
169	405
169	424
169	471
169	475
169	490
170	117
170	129
170	161
170	175
170	224
170	229
170	261
170	265
170	289
170	295
170	303
170	328
170	350
170	360
170	373
170	426
170	463
170	490
170	498
171	104
171	113
171	150
171	155
171	169
171	180
171	191
171	210
171	212
171	223
171	228
171	232
171	355
171	400
171	421
171	430
171	455
171	466
171	472
172	17
172	67
172	132
172	154
172	240
172	318
172	340
172	363
172	368
172	370
172	376
172	403
172	408
172	417
172	418
172	431
172	434
172	435
172	468
173	22
173	66
173	113
173	120
173	130
173	145
173	149
173	201
173	207
173	228
173	297
173	312
173	352
173	382
173	395
173	400
173	442
173	492
173	500
174	9
174	88
174	133
174	141
174	182
174	199
174	215
174	229
174	236
174	238
174	260
174	280
174	305
174	335
174	360
174	409
174	486
174	487
174	488
175	58
175	224
175	256
175	312
175	331
175	343
175	360
175	373
175	379
175	385
175	390
175	407
175	419
175	433
175	437
175	459
175	469
175	479
175	481
175	497
176	4
176	103
176	141
176	144
176	152
176	153
176	165
176	184
176	202
176	205
176	211
176	219
176	239
176	240
176	244
176	329
176	367
176	486
176	500
177	172
177	227
177	249
177	274
177	288
177	308
177	317
177	318
177	320
177	363
177	370
177	372
177	408
177	417
177	431
177	434
177	435
177	468
177	482
178	56
178	86
178	97
178	115
178	140
178	156
178	163
178	192
178	207
178	210
178	226
178	299
178	309
178	325
178	339
178	385
178	416
178	484
179	14
179	99
179	114
179	159
179	226
179	230
179	260
179	262
179	298
179	323
179	326
179	332
179	362
179	381
179	448
179	460
179	472
179	492
179	498
180	45
180	79
180	155
180	171
180	200
180	210
180	242
180	276
180	307
180	311
180	343
180	371
180	399
180	400
180	430
180	440
180	460
180	479
180	486
181	187
181	218
181	233
181	243
181	270
181	303
181	339
181	350
181	382
181	401
181	410
181	423
181	428
181	430
181	439
181	450
181	466
181	467
181	490
182	9
182	33
182	39
182	88
182	141
182	174
182	199
182	229
182	236
182	238
182	248
182	280
182	305
182	335
182	389
182	409
182	425
182	426
182	467
182	487
183	85
183	186
183	232
183	283
183	311
183	327
183	361
183	380
183	406
183	414
183	427
183	438
183	440
183	444
183	448
183	451
183	454
183	461
183	462
183	472
184	31
184	119
184	124
184	134
184	144
184	165
184	211
184	214
184	219
184	244
184	274
184	275
184	291
184	351
184	365
184	366
184	376
184	380
184	400
185	60
185	77
185	116
185	136
185	203
185	235
185	306
185	346
185	353
185	359
185	371
185	374
185	399
185	405
185	437
185	455
185	468
185	490
185	491
185	492
186	85
186	197
186	208
186	232
186	283
186	327
186	372
186	380
186	403
186	427
186	438
186	440
186	444
186	448
186	451
186	454
186	461
186	462
186	472
187	168
187	169
187	270
187	281
187	284
187	334
187	336
187	337
187	339
187	342
187	356
187	401
187	416
187	423
187	424
187	430
187	450
187	455
187	466
187	467
188	13
188	28
188	48
188	64
188	95
188	123
188	126
188	215
188	217
188	243
188	281
188	286
188	296
188	348
188	351
188	377
188	462
188	482
188	499
189	55
189	273
189	278
189	293
189	358
189	384
189	393
189	415
189	425
189	442
189	449
189	458
189	460
189	463
189	464
189	470
189	471
189	476
189	480
189	492
190	2
190	42
190	70
190	109
190	112
190	148
190	166
190	216
190	253
190	256
190	259
190	267
190	272
190	290
190	404
190	432
190	456
190	465
190	497
191	109
191	183
191	186
191	197
191	221
191	372
191	403
191	406
191	414
191	427
191	438
191	440
191	444
191	448
191	451
191	454
191	461
191	462
191	472
191	491
192	56
192	63
192	68
192	96
192	106
192	115
192	140
192	156
192	163
192	178
192	222
192	313
192	368
192	383
192	405
192	459
192	482
192	487
193	98
193	112
193	168
193	183
193	202
193	236
193	248
193	311
193	380
193	432
193	438
193	440
193	444
193	448
193	454
193	461
193	472
193	487
193	490
194	26
194	72
194	158
194	220
194	226
194	239
194	284
194	302
194	306
194	325
194	336
194	339
194	340
194	349
194	358
194	405
194	418
194	424
194	471
194	487
195	133
195	205
195	237
195	304
195	361
195	387
195	398
195	436
195	441
195	446
195	465
195	478
195	483
195	484
195	485
195	486
195	488
195	489
195	493
195	494
195	495
195	496
195	499
195	500
196	45
196	79
196	107
196	111
196	118
196	122
196	146
196	147
196	151
196	219
196	294
196	348
196	403
196	414
196	420
196	455
196	471
196	476
197	168
197	208
197	221
197	348
197	361
197	372
197	380
197	403
197	406
197	414
197	438
197	440
197	443
197	444
197	448
197	451
197	461
197	472
197	491
198	38
198	105
198	117
198	126
198	170
198	175
198	249
198	261
198	265
198	295
198	312
198	328
198	342
198	350
198	360
198	373
198	379
198	397
198	451
198	475
199	9
199	88
199	103
199	174
199	182
199	193
199	206
199	229
199	236
199	238
199	248
199	280
199	305
199	335
199	415
199	439
199	449
199	487
199	493
200	8
200	85
200	104
200	150
200	160
200	171
200	180
200	183
200	210
200	212
200	223
200	304
200	324
200	362
200	395
200	422
200	459
200	467
200	487
201	20
201	22
201	77
201	102
201	108
201	120
201	145
201	173
201	176
201	207
201	208
201	209
201	228
201	252
201	293
201	369
201	400
201	443
201	457
202	85
202	168
202	186
202	191
202	283
202	310
202	327
202	403
202	406
202	414
202	427
202	438
202	440
202	443
202	448
202	451
202	454
202	461
202	462
202	472
203	77
203	80
203	87
203	116
203	235
203	254
203	287
203	319
203	335
203	346
203	348
203	353
203	359
203	399
203	462
203	463
203	468
203	490
203	491
203	492
204	205
204	292
204	316
204	319
204	330
204	333
204	391
204	396
204	436
204	457
204	465
204	474
204	477
204	483
204	486
204	488
204	489
204	493
204	494
204	495
204	496
204	499
204	500
205	204
205	231
205	292
205	319
205	354
205	387
205	413
205	436
205	447
205	457
205	465
205	477
205	478
205	483
205	484
205	485
205	486
205	488
205	493
205	494
205	495
205	496
205	499
206	102
206	256
206	269
206	307
206	315
206	331
206	374
206	385
206	390
206	395
206	407
206	419
206	420
206	433
206	453
206	459
206	469
206	475
206	479
206	481
207	20
207	22
207	43
207	66
207	120
207	145
207	173
207	201
207	209
207	228
207	252
207	288
207	352
207	353
207	360
207	400
207	477
207	492
208	168
208	197
208	232
208	283
208	310
208	311
208	327
208	372
208	403
208	427
208	440
208	443
208	444
208	448
208	451
208	454
208	461
208	462
208	472
208	491
209	94
209	162
209	163
209	176
209	184
209	211
209	214
209	219
209	228
209	244
209	261
209	274
209	345
209	363
209	392
209	400
209	428
209	442
209	452
210	23
210	92
210	104
210	113
210	150
210	155
210	160
210	171
210	180
210	200
210	212
210	223
210	350
210	377
210	400
210	411
210	414
210	421
210	474
211	16
211	124
211	131
211	144
211	149
211	214
211	244
211	270
211	349
211	353
211	376
211	422
211	439
211	442
211	450
211	452
211	471
211	494
211	497
212	38
212	104
212	114
212	150
212	155
212	160
212	200
212	223
212	292
212	381
212	394
212	400
212	402
212	410
212	415
212	446
212	450
212	473
212	496
213	19
213	37
213	99
213	125
213	138
213	169
213	260
213	345
213	364
213	409
213	416
213	426
213	435
213	437
213	453
213	475
213	477
213	485
213	490
213	491
214	23
214	77
214	119
214	124
214	134
214	144
214	165
214	176
214	184
214	211
214	219
214	244
214	307
214	310
214	418
214	448
214	458
214	500
215	64
215	74
215	90
215	121
215	123
215	145
215	213
215	249
215	264
215	271
215	286
215	296
215	314
215	343
215	351
215	377
215	380
215	480
215	482
216	21
216	70
216	112
216	128
216	143
216	166
216	190
216	230
216	247
216	253
216	267
216	272
216	290
216	345
216	404
216	432
216	486
216	495
216	497
217	48
217	62
217	123
217	126
217	191
217	249
217	264
217	269
217	286
217	296
217	314
217	351
217	377
217	381
217	385
217	395
217	463
217	478
217	500
218	181
218	233
218	243
218	321
218	329
218	334
218	337
218	344
218	389
218	401
218	410
218	416
218	423
218	428
218	430
218	439
218	450
218	466
218	467
218	490
219	31
219	119
219	124
219	134
219	144
219	155
219	165
219	176
219	184
219	209
219	211
219	214
219	244
219	340
219	428
219	471
219	472
219	491
220	33
220	72
220	128
220	209
220	237
220	257
220	302
220	319
220	325
220	342
220	347
220	349
220	356
220	365
220	392
220	405
220	418
220	424
220	471
220	487
221	85
221	186
221	191
221	283
221	310
221	327
221	348
221	361
221	380
221	403
221	406
221	427
221	438
221	440
221	444
221	448
221	451
221	454
221	461
221	472
222	5
222	169
222	187
222	221
222	239
222	284
222	302
222	336
222	342
222	347
222	349
222	356
222	365
222	405
222	421
222	424
222	440
222	473
222	487
222	498
223	23
223	25
223	104
223	113
223	123
223	150
223	155
223	160
223	171
223	180
223	200
223	210
223	212
223	334
223	400
223	414
223	419
223	441
223	461
224	38
224	117
224	129
224	161
224	247
224	252
224	265
224	289
224	295
224	312
224	328
224	350
224	353
224	356
224	358
224	360
224	373
224	379
224	486
225	2
225	159
225	167
225	226
225	230
225	248
225	260
225	273
225	297
225	321
225	323
225	326
225	332
225	337
225	362
225	381
225	438
225	456
225	492
225	498
226	46
226	99
226	179
226	211
226	225
226	230
226	250
226	297
226	319
226	323
226	326
226	332
226	337
226	362
226	381
226	425
226	432
226	468
226	492
226	498
227	17
227	154
227	157
227	172
227	177
227	199
227	296
227	318
227	363
227	366
227	368
227	376
227	408
227	417
227	431
227	434
227	435
227	465
227	482
227	484
228	20
228	22
228	66
228	120
228	145
228	149
228	173
228	201
228	207
228	234
228	271
228	275
228	317
228	352
228	447
228	465
228	475
228	487
228	494
229	57
229	88
229	127
229	141
229	182
229	193
229	199
229	236
229	238
229	248
229	250
229	264
229	280
229	305
229	422
229	435
229	453
229	487
229	499
230	22
230	159
230	181
230	224
230	250
230	262
230	297
230	298
230	323
230	326
230	332
230	337
230	355
230	362
230	381
230	407
230	434
230	486
230	492
230	498
231	133
231	242
231	276
231	304
231	319
231	330
231	354
231	361
231	387
231	394
231	413
231	447
231	457
231	474
231	478
231	483
231	485
231	488
231	489
231	494
231	495
231	496
231	499
231	500
232	109
232	186
232	193
232	197
232	283
232	310
232	327
232	372
232	380
232	403
232	406
232	438
232	440
232	444
232	448
232	451
232	454
232	461
232	472
232	491
233	97
233	148
233	187
233	218
233	243
233	270
233	303
233	324
233	329
233	334
233	335
233	378
233	416
233	423
233	428
233	439
233	450
233	466
233	467
233	490
234	39
234	60
234	68
234	116
234	185
234	233
234	235
234	263
234	345
234	346
234	356
234	359
234	367
234	369
234	399
234	462
234	490
234	491
234	492
235	60
235	64
235	80
235	87
235	116
235	167
235	213
235	234
235	254
235	265
235	306
235	345
235	346
235	359
235	367
235	371
235	399
235	490
235	491
235	492
236	9
236	123
236	140
236	141
236	174
236	182
236	193
236	199
236	229
236	238
236	248
236	260
236	280
236	305
236	326
236	335
236	401
236	425
236	462
236	487
237	133
237	204
237	266
237	292
237	309
237	391
237	398
237	413
237	436
237	441
237	443
237	457
237	465
237	474
237	477
237	478
237	483
237	484
237	485
237	486
237	488
237	489
237	493
237	494
237	495
237	496
237	500
238	9
238	88
238	141
238	148
238	174
238	182
238	183
238	199
238	229
238	236
238	245
238	248
238	255
238	280
238	305
238	307
238	335
238	487
238	494
239	73
239	169
239	182
239	194
239	220
239	325
239	330
239	336
239	339
239	340
239	342
239	347
239	365
239	374
239	392
239	405
239	418
239	424
239	473
239	487
240	132
240	154
240	177
240	179
240	197
240	274
240	308
240	318
240	363
240	366
240	368
240	376
240	408
240	417
240	431
240	434
240	435
240	466
240	474
240	482
241	8
241	9
241	30
241	36
241	42
241	83
241	104
241	146
241	268
241	313
241	329
241	373
241	435
241	452
241	464
241	467
241	477
241	491
241	496
242	258
242	304
242	309
242	316
242	361
242	426
242	436
242	441
242	446
242	447
242	465
242	474
242	477
242	478
242	486
242	489
242	493
242	494
242	495
242	496
242	500
243	41
243	109
243	218
243	233
243	303
243	321
243	324
243	334
243	335
243	371
243	378
243	389
243	410
243	423
243	428
243	439
243	450
243	466
243	467
243	490
244	31
244	71
244	119
244	124
244	134
244	144
244	165
244	176
244	184
244	200
244	209
244	211
244	214
244	219
244	422
244	444
244	470
244	490
245	153
245	261
245	263
245	268
245	271
245	275
245	279
245	331
245	357
245	364
245	375
245	397
245	402
245	411
245	421
245	422
245	429
245	455
245	456
245	475
246	55
246	138
246	189
246	273
246	277
246	322
246	341
246	393
246	409
246	415
246	432
246	442
246	449
246	458
246	460
246	463
246	464
246	470
246	476
246	480
247	14
247	143
247	187
247	216
247	259
247	267
247	272
247	350
247	373
247	376
247	379
247	384
247	432
247	449
247	457
247	466
247	467
247	485
247	497
248	31
248	33
248	88
248	141
248	165
248	174
248	189
248	229
248	238
248	250
248	260
248	280
248	286
248	305
248	351
248	359
248	410
248	411
248	487
249	13
249	48
249	89
249	91
249	95
249	121
249	123
249	185
249	188
249	215
249	264
249	286
249	296
249	314
249	332
249	336
249	351
249	354
249	377
249	482
250	14
250	167
250	179
250	184
250	190
250	225
250	226
250	262
250	281
250	297
250	298
250	323
250	326
250	332
250	337
250	362
250	381
250	459
250	492
250	498
251	139
251	153
251	231
251	245
251	257
251	271
251	275
251	279
251	291
251	357
251	364
251	375
251	383
251	394
251	397
251	402
251	422
251	455
251	456
251	475
252	55
252	110
252	161
252	173
252	198
252	201
252	207
252	224
252	228
252	265
252	288
252	289
252	348
252	360
252	369
252	379
252	400
252	437
252	464
253	70
253	112
253	143
253	150
253	166
253	190
253	216
253	244
253	247
253	267
253	272
253	290
253	330
253	345
253	379
253	404
253	432
253	497
254	33
254	77
254	87
254	102
254	136
254	185
254	195
254	203
254	277
254	287
254	325
254	367
254	369
254	371
254	399
254	454
254	462
254	468
254	491
255	84
255	273
255	277
255	278
255	322
255	358
255	384
255	388
255	393
255	409
255	425
255	442
255	449
255	458
255	460
255	463
255	464
255	470
255	476
255	480
256	94
256	133
256	269
256	331
256	343
256	374
256	385
256	386
256	390
256	419
256	420
256	433
256	445
256	453
256	459
256	469
256	475
256	479
256	481
256	497
257	35
257	51
257	153
257	251
257	263
257	268
257	271
257	279
257	332
257	383
257	402
257	411
257	421
257	422
257	429
257	455
257	456
257	475
257	483
257	498
258	237
258	266
258	276
258	309
258	319
258	333
258	387
258	391
258	396
258	398
258	426
258	436
258	443
258	447
258	465
258	474
258	477
258	478
258	483
258	484
258	485
258	486
258	488
258	489
258	493
258	494
258	495
258	496
258	499
258	500
259	205
259	237
259	276
259	316
259	354
259	391
259	396
259	398
259	426
259	436
259	441
259	446
259	447
259	457
259	465
259	474
259	478
259	483
259	484
259	486
259	489
259	493
259	494
259	495
259	496
259	499
259	500
260	73
260	99
260	182
260	199
260	225
260	248
260	262
260	280
260	294
260	295
260	297
260	305
260	381
260	394
260	410
260	444
260	487
260	492
260	498
261	105
261	117
261	161
261	198
261	228
261	247
261	265
261	289
261	295
261	327
261	328
261	360
261	373
261	379
261	390
261	442
261	472
261	494
261	495
262	167
262	179
262	225
262	226
262	230
262	250
262	266
262	297
262	298
262	323
262	326
262	332
262	351
262	362
262	381
262	424
262	427
262	492
262	498
263	37
263	81
263	268
263	279
263	291
263	300
263	364
263	375
263	383
263	397
263	402
263	411
263	421
263	422
263	429
263	452
263	455
263	456
263	475
263	498
264	4
264	13
264	59
264	62
264	95
264	121
264	126
264	173
264	215
264	217
264	249
264	296
264	314
264	329
264	361
264	377
264	404
264	447
264	482
265	63
265	105
265	117
265	138
265	150
265	198
265	212
265	214
265	252
265	261
265	295
265	312
265	328
265	350
265	360
265	373
265	379
265	497
265	500
266	231
266	259
266	316
266	333
266	391
266	396
266	398
266	436
266	441
266	446
266	447
266	465
266	474
266	477
266	478
266	483
266	484
266	488
266	489
266	493
266	495
266	496
266	499
266	500
267	70
267	143
267	166
267	190
267	213
267	216
267	247
267	253
267	272
267	275
267	290
267	345
267	359
267	387
267	404
267	432
267	493
267	497
268	35
268	37
268	81
268	164
268	251
268	263
268	275
268	291
268	364
268	375
268	397
268	402
268	411
268	421
268	422
268	429
268	455
268	456
268	475
269	175
269	206
269	285
269	331
269	338
269	374
269	385
269	395
269	412
269	419
269	420
269	433
269	437
269	445
269	453
269	459
269	469
269	475
269	479
269	481
270	164
270	187
270	243
270	303
270	329
270	337
270	344
270	378
270	389
270	401
270	410
270	416
270	423
270	428
270	430
270	439
270	450
270	466
270	467
270	490
271	151
271	164
271	257
271	263
271	275
271	279
271	357
271	364
271	397
271	402
271	411
271	421
271	422
271	429
271	452
271	455
271	456
271	475
271	478
271	498
272	112
272	143
272	166
272	190
272	216
272	253
272	267
272	271
272	290
272	345
272	384
272	397
272	404
272	415
272	432
272	436
272	453
272	497
273	71
273	84
273	189
273	246
273	293
273	358
273	384
273	388
273	393
273	415
273	425
273	432
273	442
273	449
273	458
273	460
273	463
273	464
273	470
273	480
274	15
274	74
274	132
274	137
274	154
274	227
274	272
274	288
274	308
274	318
274	345
274	368
274	376
274	408
274	417
274	418
274	431
274	434
274	435
274	482
275	35
275	139
275	245
275	251
275	257
275	300
275	357
275	375
275	383
275	397
275	402
275	411
275	421
275	422
275	429
275	452
275	455
275	456
275	475
276	304
276	316
276	333
276	354
276	391
276	394
276	398
276	413
276	436
276	443
276	446
276	457
276	477
276	483
276	484
276	485
276	488
276	489
276	493
276	494
276	496
276	499
276	500
277	11
277	45
277	55
277	278
277	358
277	369
277	393
277	395
277	409
277	415
277	425
277	442
277	449
277	458
277	460
277	463
277	464
277	470
277	476
277	480
278	11
278	71
278	92
278	189
278	255
278	282
278	293
278	341
278	358
278	384
278	425
278	432
278	442
278	449
278	458
278	460
278	463
278	464
278	470
278	480
279	35
279	132
279	177
279	251
279	300
279	357
279	364
279	365
279	375
279	383
279	402
279	411
279	419
279	421
279	422
279	429
279	452
279	455
279	456
279	498
280	27
280	33
280	88
280	141
280	174
280	182
280	199
280	229
280	236
280	238
280	239
280	248
280	260
280	305
280	335
280	461
280	468
280	487
281	72
281	137
281	158
281	194
281	220
281	222
281	284
281	299
281	308
281	340
281	342
281	349
281	356
281	365
281	392
281	423
281	424
281	469
281	471
281	473
282	92
282	107
282	246
282	277
282	278
282	341
282	384
282	393
282	409
282	415
282	425
282	442
282	449
282	458
282	460
282	463
282	464
282	470
282	480
283	85
283	183
283	197
283	232
283	310
283	311
283	406
283	427
283	438
283	440
283	443
283	444
283	448
283	451
283	454
283	461
283	462
283	472
283	491
284	133
284	194
284	201
284	222
284	281
284	299
284	319
284	325
284	339
284	340
284	349
284	365
284	368
284	392
284	405
284	420
284	424
284	471
284	473
284	487
285	12
285	94
285	101
285	206
285	269
285	307
285	374
285	385
285	407
285	412
285	419
285	433
285	437
285	445
285	453
285	459
285	469
285	479
285	481
285	497
286	13
286	62
286	64
286	74
286	188
286	215
286	217
286	249
286	263
286	264
286	296
286	314
286	326
286	351
286	377
286	384
286	432
286	482
286	493
287	27
287	34
287	115
287	185
287	203
287	234
287	235
287	254
287	306
287	324
287	346
287	359
287	367
287	369
287	371
287	399
287	450
287	468
287	490
287	491
288	132
288	154
288	157
288	177
288	227
288	274
288	308
288	315
288	317
288	320
288	366
288	368
288	370
288	408
288	417
288	431
288	434
288	435
288	457
288	468
289	38
289	105
289	170
289	175
289	220
289	224
289	261
289	295
289	297
289	312
289	328
289	350
289	360
289	373
289	379
289	408
289	459
289	482
289	489
290	21
290	70
290	85
290	112
290	143
290	166
290	174
290	190
290	216
290	247
290	253
290	267
290	272
290	345
290	404
290	432
290	451
290	493
290	497
291	1
291	19
291	69
291	75
291	82
291	125
291	153
291	210
291	270
291	357
291	364
291	375
291	380
291	386
291	411
291	421
291	422
291	455
291	456
292	231
292	304
292	316
292	330
292	354
292	391
292	394
292	398
292	413
292	441
292	443
292	446
292	457
292	465
292	477
292	478
292	484
292	485
292	486
292	488
292	489
292	493
292	494
292	496
292	499
293	55
293	84
293	225
293	282
293	322
293	388
293	393
293	409
293	415
293	425
293	442
293	445
293	449
293	458
293	460
293	463
293	464
293	470
293	480
294	24
294	34
294	42
294	118
294	151
294	196
294	313
294	316
294	368
294	369
294	370
294	406
294	414
294	452
294	458
294	471
294	476
294	487
294	491
295	38
295	58
295	129
295	193
295	198
295	217
295	224
295	261
295	265
295	288
295	289
295	312
295	328
295	350
295	360
295	373
295	379
295	440
295	445
296	5
296	74
296	78
296	80
296	121
296	188
296	215
296	220
296	264
296	286
296	314
296	351
296	377
296	424
296	457
296	470
296	482
296	485
296	499
297	99
297	136
297	161
297	179
297	225
297	226
297	250
297	260
297	298
297	309
297	322
297	323
297	326
297	332
297	355
297	362
297	381
297	492
297	498
298	99
298	167
298	179
298	219
298	226
298	230
298	250
298	262
298	279
298	323
298	326
298	332
298	337
298	362
298	369
298	381
298	423
298	492
298	498
299	100
299	128
299	169
299	222
299	264
299	302
299	313
299	317
299	319
299	325
299	340
299	341
299	347
299	349
299	356
299	405
299	424
299	471
299	473
299	487
300	6
300	35
300	81
300	139
300	218
300	268
300	271
300	279
300	375
300	383
300	397
300	402
300	411
300	421
300	422
300	429
300	455
300	456
300	475
301	175
301	269
301	338
301	343
301	385
301	386
301	390
301	407
301	412
301	419
301	420
301	433
301	437
301	453
301	459
301	469
301	475
301	479
301	481
301	497
302	50
302	72
302	128
302	169
302	195
302	222
302	281
302	284
302	316
302	336
302	339
302	340
302	349
302	365
302	405
302	412
302	418
302	424
302	471
302	487
303	148
303	187
303	218
303	321
303	324
303	334
303	337
303	378
303	389
303	401
303	410
303	416
303	423
303	428
303	430
303	439
303	450
303	466
303	467
303	490
304	204
304	237
304	258
304	266
304	309
304	387
304	396
304	398
304	413
304	441
304	446
304	447
304	474
304	477
304	478
304	483
304	484
304	485
304	486
304	488
304	489
304	493
304	494
304	495
304	499
304	500
305	9
305	83
305	88
305	141
305	174
305	182
305	193
305	199
305	229
305	232
305	236
305	238
305	248
305	260
305	280
305	370
305	402
305	427
305	487
306	9
306	33
306	39
306	60
306	87
306	96
306	116
306	181
306	224
306	235
306	254
306	287
306	345
306	346
306	353
306	359
306	367
306	371
306	462
306	468
307	101
307	256
307	285
307	315
307	338
307	374
307	385
307	386
307	395
307	412
307	419
307	420
307	445
307	453
307	459
307	469
307	475
307	479
307	481
307	497
308	67
308	240
308	274
308	286
308	288
308	318
308	320
308	363
308	366
308	368
308	370
308	376
308	417
308	420
308	431
308	434
308	435
308	468
308	482
309	231
309	259
309	266
309	304
309	354
309	391
309	413
309	426
309	436
309	441
309	446
309	447
309	457
309	474
309	477
309	478
309	483
309	484
309	485
309	486
309	488
309	493
309	494
309	495
309	499
309	500
310	109
310	183
310	186
310	208
310	283
310	311
310	361
310	372
310	380
310	406
310	427
310	438
310	440
310	444
310	448
310	451
310	454
310	461
310	462
310	472
311	191
311	202
311	221
311	232
311	283
311	310
311	327
311	372
311	403
311	406
311	427
311	438
311	440
311	443
311	444
311	448
311	454
311	461
311	472
311	491
312	38
312	49
312	58
312	129
312	161
312	170
312	198
312	224
312	228
312	252
312	261
312	289
312	295
312	337
312	350
312	360
312	373
312	379
312	499
313	34
313	177
313	220
313	222
313	300
313	314
313	326
313	339
313	342
313	356
313	357
313	366
313	373
313	410
313	418
313	419
313	424
313	452
313	476
314	48
314	74
314	95
314	123
314	126
314	188
314	215
314	217
314	249
314	286
314	296
314	351
314	377
314	392
314	438
314	445
314	447
314	482
314	496
315	206
315	285
315	307
315	338
315	343
315	386
315	390
315	407
315	412
315	420
315	433
315	437
315	445
315	453
315	459
315	469
315	475
315	479
315	481
315	497
316	204
316	266
316	276
316	292
316	330
316	354
316	391
316	394
316	426
316	436
316	441
316	447
316	457
316	474
316	477
316	478
316	483
316	484
316	485
316	488
316	489
316	493
316	494
316	495
316	496
316	499
317	69
317	132
317	142
317	188
317	240
317	276
317	320
317	368
317	370
317	422
317	434
317	435
317	436
317	460
317	471
317	473
317	480
317	482
317	492
318	17
318	67
318	86
318	101
318	172
318	177
318	240
318	288
318	308
318	317
318	320
318	363
318	366
318	370
318	376
318	408
318	418
318	431
318	434
318	435
319	187
319	205
319	220
319	239
319	242
319	281
319	339
319	354
319	356
319	398
319	405
319	436
319	446
319	447
319	465
319	473
319	474
319	477
319	484
319	486
319	488
319	493
319	495
319	496
319	500
320	59
320	137
320	172
320	177
320	240
320	274
320	308
320	366
320	370
320	376
320	408
320	417
320	418
320	431
320	434
320	435
320	446
320	468
320	497
321	109
321	148
321	181
321	324
321	329
321	335
321	355
321	378
321	382
321	389
321	410
321	416
321	423
321	428
321	439
321	450
321	466
321	467
321	490
322	138
322	162
322	246
322	255
322	277
322	278
322	293
322	358
322	384
322	393
322	409
322	432
322	442
322	458
322	460
322	463
322	464
322	470
322	476
322	480
323	14
323	81
323	99
323	116
323	159
323	167
323	179
323	250
323	262
323	297
323	298
323	326
323	332
323	347
323	355
323	362
323	381
323	479
323	492
323	498
324	109
324	148
324	164
324	243
324	303
324	321
324	329
324	335
324	378
324	382
324	401
324	410
324	423
324	428
324	430
324	439
324	450
324	466
324	467
324	490
325	34
325	53
325	220
325	239
325	284
325	298
325	313
325	319
325	336
325	340
325	342
325	347
325	356
325	359
325	392
325	405
325	424
325	461
325	471
325	473
326	14
326	61
326	99
326	145
326	159
326	225
326	226
326	250
326	254
326	260
326	262
326	297
326	298
326	323
326	332
326	351
326	362
326	381
326	492
326	498
327	85
327	186
327	191
327	197
327	202
327	208
327	283
327	311
327	403
327	414
327	427
327	438
327	440
327	443
327	444
327	448
327	451
327	454
327	461
327	472
328	8
328	38
328	108
328	117
328	129
328	170
328	224
328	252
328	261
328	265
328	289
328	312
328	350
328	351
328	360
328	373
328	379
328	456
328	499
329	148
329	187
329	218
329	270
329	321
329	324
329	344
329	382
329	389
329	401
329	416
329	423
329	428
329	430
329	439
329	450
329	466
329	467
329	490
330	133
330	195
330	204
330	205
330	231
330	258
330	276
330	394
330	398
330	413
330	426
330	436
330	443
330	446
330	447
330	457
330	465
330	474
330	477
330	483
330	484
330	486
330	489
330	493
330	494
330	495
330	496
330	499
330	500
331	94
331	101
331	206
331	269
331	374
331	386
331	395
331	407
331	412
331	420
331	433
331	437
331	445
331	453
331	459
331	469
331	475
331	479
331	481
331	497
332	12
332	14
332	65
332	167
332	179
332	225
332	230
332	250
332	262
332	298
332	323
332	326
332	335
332	337
332	355
332	362
332	381
332	414
332	492
333	195
333	258
333	304
333	387
333	396
333	413
333	426
333	441
333	447
333	457
333	477
333	478
333	483
333	484
333	485
333	486
333	488
333	489
333	495
333	496
333	499
333	500
334	49
334	181
334	243
334	303
334	321
334	324
334	329
334	355
334	382
334	389
334	410
334	416
334	423
334	430
334	439
334	450
334	466
334	467
334	490
335	174
335	199
335	236
335	248
335	254
335	270
335	305
335	310
335	378
335	382
335	389
335	397
335	401
335	410
335	428
335	430
335	466
335	467
335	487
335	497
336	107
336	169
336	176
336	187
336	239
336	266
336	281
336	299
336	313
336	339
336	340
336	347
336	349
336	365
336	392
336	418
336	424
336	428
336	471
336	487
337	14
337	99
337	225
337	260
337	355
337	362
337	378
337	381
337	382
337	389
337	401
337	410
337	416
337	423
337	430
337	439
337	450
337	466
337	467
337	498
338	57
338	94
338	175
338	256
338	285
338	307
338	315
338	385
338	390
338	412
338	420
338	437
338	445
338	453
338	459
338	469
338	475
338	479
338	481
338	497
339	5
339	34
339	72
339	89
339	281
339	284
339	299
339	302
339	347
339	349
339	356
339	365
339	392
339	424
339	460
339	471
339	473
339	483
339	487
339	490
340	55
340	93
340	158
340	169
340	174
340	194
340	227
340	239
340	284
340	313
340	325
340	336
340	342
340	349
340	356
340	365
340	392
340	405
340	473
340	487
341	55
341	71
341	92
341	162
341	322
341	358
341	369
341	384
341	404
341	409
341	415
341	425
341	458
341	460
341	463
341	464
341	470
341	476
341	480
342	76
342	158
342	160
342	220
342	239
342	281
342	302
342	313
342	325
342	329
342	339
342	347
342	365
342	392
342	405
342	424
342	471
342	473
342	482
342	487
343	127
343	256
343	285
343	301
343	338
343	374
343	385
343	386
343	407
343	412
343	419
343	420
343	433
343	437
343	445
343	453
343	459
343	479
343	481
343	497
344	97
344	218
344	233
344	243
344	319
344	321
344	324
344	329
344	334
344	388
344	401
344	410
344	416
344	428
344	430
344	439
344	450
344	466
344	467
344	490
345	190
345	253
345	267
345	272
345	287
345	290
345	353
345	367
345	371
345	382
345	399
345	404
345	406
345	430
345	437
345	462
345	479
345	492
345	497
346	27
346	60
346	203
346	229
346	234
346	235
346	254
346	285
346	287
346	322
346	359
346	371
346	384
346	399
346	430
346	462
346	468
346	491
346	492
347	5
347	72
347	100
347	128
347	222
347	299
347	302
347	339
347	340
347	342
347	349
347	356
347	392
347	405
347	418
347	424
347	471
347	487
347	488
348	111
348	146
348	147
348	151
348	186
348	196
348	403
348	406
348	414
348	427
348	438
348	440
348	444
348	448
348	451
348	454
348	461
348	462
348	476
349	5
349	52
349	72
349	194
349	222
349	281
349	289
349	299
349	317
349	319
349	325
349	336
349	339
349	340
349	347
349	356
349	392
349	423
349	424
349	473
350	38
350	58
350	170
350	224
350	227
350	242
350	261
350	265
350	289
350	295
350	312
350	328
350	360
350	373
350	379
350	393
350	427
350	430
350	491
351	10
351	51
351	64
351	95
351	121
351	156
351	188
351	217
351	264
351	270
351	290
351	291
351	296
351	377
351	415
351	447
351	456
351	482
351	498
352	41
352	60
352	66
352	110
352	114
352	120
352	135
352	143
352	145
352	157
352	201
352	228
352	288
352	298
352	302
352	400
352	451
352	457
352	470
353	27
353	65
353	77
353	80
353	87
353	116
353	185
353	286
353	345
353	346
353	367
353	369
353	371
353	428
353	451
353	462
353	463
353	490
353	491
353	492
354	204
354	231
354	242
354	259
354	276
354	316
354	319
354	394
354	396
354	398
354	426
354	441
354	446
354	447
354	457
354	465
354	474
354	478
354	484
354	485
354	486
354	488
354	489
354	493
354	494
354	496
354	499
354	500
355	159
355	226
355	262
355	298
355	303
355	329
355	332
355	344
355	362
355	381
355	382
355	389
355	401
355	423
355	428
355	430
355	439
355	466
355	467
355	498
356	21
356	34
356	63
356	187
356	194
356	222
356	281
356	299
356	302
356	336
356	340
356	347
356	349
356	358
356	392
356	397
356	405
356	418
356	424
356	487
357	51
357	139
357	153
357	244
357	245
357	263
357	268
357	275
357	383
357	397
357	411
357	421
357	422
357	429
357	452
357	455
357	456
357	463
357	475
357	498
358	11
358	71
358	162
358	246
358	277
358	293
358	322
358	384
358	388
358	404
358	415
358	425
358	442
358	449
358	458
358	460
358	464
358	470
358	476
358	480
359	17
359	39
359	65
359	136
359	185
359	235
359	254
359	287
359	306
359	345
359	353
359	363
359	367
359	371
359	399
359	449
359	450
359	462
359	492
360	58
360	105
360	117
360	118
360	147
360	161
360	170
360	198
360	214
360	224
360	252
360	257
360	261
360	312
360	328
360	350
360	373
360	379
360	415
361	311
361	387
361	391
361	403
361	406
361	413
361	438
361	443
361	446
361	448
361	451
361	454
361	461
361	472
361	485
361	486
361	488
361	489
361	491
361	494
361	495
361	499
361	500
362	14
362	159
362	167
362	179
362	226
362	230
362	250
362	260
362	292
362	297
362	298
362	323
362	326
362	332
362	346
362	381
362	463
362	492
362	493
362	498
363	59
363	154
363	157
363	177
363	227
363	230
363	274
363	288
363	308
363	318
363	346
363	368
363	370
363	408
363	417
363	431
363	434
363	435
363	468
363	482
364	37
364	81
364	153
364	263
364	271
364	275
364	279
364	375
364	383
364	394
364	397
364	402
364	411
364	419
364	421
364	422
364	452
364	455
364	456
365	5
365	241
365	281
365	284
365	299
365	307
365	319
365	325
365	336
365	342
365	347
365	349
365	356
365	392
365	405
365	413
365	418
365	424
365	471
365	475
366	17
366	27
366	67
366	157
366	177
366	227
366	251
366	313
366	320
366	363
366	370
366	376
366	408
366	417
366	418
366	431
366	434
366	435
366	482
366	497
367	27
367	30
367	39
367	146
367	161
367	234
367	235
367	254
367	287
367	306
367	346
367	353
367	359
367	369
367	371
367	399
367	462
367	468
367	480
367	490
368	67
368	132
368	137
368	227
368	240
368	304
368	308
368	318
368	362
368	366
368	370
368	376
368	408
368	417
368	431
368	434
368	435
368	439
368	468
368	476
369	136
369	203
369	273
369	322
369	345
369	388
369	393
369	399
369	425
369	449
369	458
369	460
369	463
369	464
369	468
369	470
369	480
369	490
369	492
370	40
370	132
370	134
370	157
370	172
370	227
370	274
370	288
370	308
370	318
370	320
370	363
370	366
370	368
370	376
370	408
370	417
370	431
370	434
370	435
371	33
371	39
371	77
371	87
371	136
371	235
371	287
371	306
371	346
371	352
371	359
371	367
371	370
371	402
371	453
371	462
371	468
371	490
371	492
372	191
372	202
372	208
372	221
372	311
372	348
372	380
372	403
372	406
372	427
372	438
372	440
372	444
372	448
372	451
372	454
372	461
372	462
372	472
373	58
373	105
373	161
373	175
373	198
373	252
373	261
373	265
373	289
373	295
373	312
373	328
373	335
373	350
373	360
373	379
373	433
373	438
373	474
374	57
374	206
374	285
374	301
374	315
374	331
374	385
374	386
374	390
374	395
374	412
374	419
374	433
374	445
374	453
374	459
374	469
374	479
374	481
374	497
375	25
375	139
375	164
375	251
375	268
375	279
375	300
375	357
375	383
375	397
375	402
375	411
375	421
375	422
375	429
375	452
375	455
375	456
375	479
375	498
376	157
376	227
376	240
376	274
376	308
376	320
376	363
376	368
376	370
376	389
376	408
376	417
376	418
376	431
376	434
376	435
376	468
376	482
376	483
377	12
377	62
377	74
377	95
377	97
377	121
377	123
377	215
377	217
377	249
377	264
377	286
377	341
377	351
377	356
377	374
377	446
377	453
377	482
378	97
378	200
378	233
378	236
378	243
378	344
378	355
378	382
378	401
378	410
378	416
378	423
378	430
378	437
378	439
378	450
378	466
378	467
378	477
378	490
379	52
379	58
379	87
379	105
379	117
379	161
379	166
379	170
379	198
379	247
379	295
379	312
379	328
379	342
379	350
379	355
379	373
379	459
379	469
380	168
380	183
380	186
380	191
380	208
380	232
380	283
380	327
380	372
380	403
380	406
380	427
380	444
380	448
380	451
380	454
380	461
380	462
380	472
381	99
381	159
381	167
381	191
381	230
381	262
381	280
381	297
381	298
381	323
381	326
381	337
381	355
381	362
381	473
381	485
381	492
381	498
382	49
382	148
382	181
382	187
382	243
382	270
382	334
382	344
382	378
382	389
382	401
382	410
382	416
382	423
382	428
382	439
382	450
382	466
382	467
383	37
383	51
383	263
383	268
383	316
383	357
383	364
383	372
383	375
383	402
383	411
383	421
383	422
383	429
383	452
383	455
383	456
383	466
383	476
383	498
384	84
384	162
384	189
384	255
384	278
384	293
384	322
384	369
384	393
384	409
384	415
384	425
384	442
384	449
384	458
384	460
384	463
384	464
384	470
384	480
385	57
385	127
385	256
385	285
385	307
385	374
385	386
385	390
385	407
385	412
385	419
385	420
385	437
385	445
385	453
385	459
385	469
385	475
385	479
385	481
386	127
386	133
386	256
386	269
386	301
386	331
386	338
386	343
386	374
386	390
386	407
386	419
386	420
386	433
386	437
386	445
386	453
386	469
386	479
386	481
387	242
387	258
387	259
387	292
387	361
387	391
387	394
387	396
387	413
387	441
387	446
387	447
387	457
387	465
387	474
387	477
387	478
387	483
387	486
387	488
387	495
387	496
387	500
388	55
388	223
388	273
388	282
388	358
388	393
388	404
388	409
388	422
388	425
388	442
388	449
388	458
388	460
388	463
388	464
388	470
388	476
388	480
389	49
389	164
389	181
389	183
389	221
389	233
389	329
389	334
389	335
389	378
389	382
389	410
389	416
389	428
389	430
389	439
389	450
389	466
389	467
390	102
390	307
390	315
390	331
390	374
390	386
390	395
390	407
390	412
390	419
390	420
390	433
390	437
390	445
390	453
390	459
390	469
390	479
390	481
390	497
391	242
391	276
391	316
391	354
391	394
391	398
391	413
391	436
391	441
391	446
391	457
391	465
391	474
391	483
391	484
391	485
391	486
391	489
391	494
391	495
391	496
391	499
392	94
392	158
392	220
392	239
392	281
392	284
392	299
392	302
392	315
392	325
392	336
392	340
392	342
392	347
392	349
392	365
392	371
392	405
392	455
392	473
393	11
393	84
393	162
393	189
393	255
393	273
393	278
393	282
393	341
393	358
393	369
393	404
393	415
393	442
393	458
393	460
393	463
393	464
393	470
393	480
394	204
394	205
394	231
394	237
394	242
394	266
394	361
394	387
394	391
394	413
394	426
394	436
394	441
394	443
394	446
394	447
394	465
394	474
394	477
394	478
394	483
394	484
394	485
394	486
394	488
394	489
394	493
394	494
394	495
394	499
395	102
395	127
395	175
395	285
395	301
395	331
395	343
395	385
395	390
395	407
395	412
395	433
395	437
395	445
395	453
395	459
395	469
395	479
395	481
395	497
396	195
396	205
396	259
396	292
396	316
396	330
396	413
396	436
396	441
396	443
396	446
396	457
396	465
396	474
396	477
396	478
396	483
396	484
396	485
396	486
396	488
396	489
396	493
396	494
396	495
396	496
396	499
396	500
397	37
397	96
397	153
397	164
397	245
397	251
397	275
397	300
397	357
397	364
397	383
397	402
397	411
397	421
397	422
397	429
397	434
397	455
397	456
397	498
398	259
398	266
398	276
398	319
398	330
398	333
398	354
398	387
398	394
398	396
398	426
398	446
398	447
398	465
398	474
398	478
398	483
398	484
398	486
398	489
398	493
398	494
398	495
398	496
398	499
398	500
399	60
399	65
399	80
399	178
399	203
399	234
399	235
399	306
399	318
399	346
399	353
399	359
399	367
399	369
399	400
399	481
399	488
399	491
399	492
400	20
400	25
400	66
400	88
400	145
400	173
400	201
400	207
400	210
400	212
400	223
400	228
400	302
400	352
400	417
400	433
400	457
400	482
400	490
401	49
401	164
401	181
401	218
401	321
401	329
401	344
401	355
401	378
401	389
401	410
401	416
401	423
401	428
401	430
401	439
401	450
401	466
401	467
401	490
402	37
402	139
402	242
402	245
402	251
402	263
402	275
402	279
402	357
402	397
402	411
402	421
402	422
402	429
402	452
402	455
402	456
402	475
402	487
402	498
403	183
403	208
403	221
403	232
403	310
403	361
403	372
403	380
403	427
403	438
403	440
403	444
403	448
403	451
403	454
403	461
403	462
403	472
403	491
404	166
404	216
404	282
404	290
404	293
404	358
404	409
404	425
404	432
404	442
404	449
404	460
404	463
404	464
404	470
404	476
404	480
404	497
405	21
405	34
405	48
405	115
405	128
405	222
405	247
405	284
405	302
405	319
405	336
405	339
405	340
405	342
405	347
405	356
405	365
405	418
405	473
405	487
406	168
406	191
406	221
406	232
406	273
406	310
406	372
406	380
406	390
406	427
406	438
406	440
406	443
406	444
406	448
406	454
406	461
406	462
406	472
406	491
407	12
407	285
407	301
407	307
407	331
407	338
407	343
407	374
407	386
407	390
407	395
407	412
407	420
407	433
407	437
407	445
407	459
407	469
407	479
407	481
408	21
408	157
408	172
408	227
408	235
408	288
408	308
408	320
408	363
408	366
408	368
408	370
408	376
408	387
408	417
408	431
408	434
408	435
408	468
408	482
409	55
409	71
409	84
409	189
409	273
409	278
409	293
409	341
409	358
409	388
409	393
409	415
409	432
409	442
409	449
409	458
409	460
409	463
409	470
409	480
410	164
410	181
410	233
410	270
410	303
410	321
410	324
410	329
410	334
410	337
410	344
410	378
410	389
410	401
410	416
410	430
410	439
410	450
410	466
410	467
411	81
411	99
411	153
411	245
411	268
411	279
411	300
411	304
411	357
411	362
411	364
411	383
411	397
411	402
411	422
411	426
411	429
411	455
411	456
411	475
412	57
412	127
412	256
412	269
412	301
412	331
412	374
412	386
412	390
412	419
412	420
412	433
412	437
412	445
412	453
412	459
412	469
412	475
412	479
412	481
413	242
413	259
413	266
413	292
413	309
413	333
413	354
413	391
413	394
413	396
413	398
413	436
413	447
413	457
413	465
413	474
413	477
413	478
413	483
413	484
413	485
413	488
413	489
413	493
413	494
413	495
413	496
413	499
413	500
414	61
414	118
414	126
414	147
414	151
414	168
414	196
414	202
414	372
414	403
414	438
414	440
414	444
414	448
414	451
414	454
414	461
414	472
414	476
415	71
415	107
415	138
415	246
415	255
415	282
415	322
415	341
415	358
415	388
415	393
415	409
415	425
415	432
415	458
415	460
415	463
415	470
415	480
416	35
416	97
416	233
416	270
416	303
416	324
416	329
416	334
416	344
416	355
416	378
416	382
416	401
416	423
416	428
416	439
416	450
416	466
416	467
416	483
417	21
417	59
417	154
417	157
417	177
417	288
417	308
417	342
417	363
417	366
417	368
417	370
417	408
417	418
417	431
417	434
417	435
417	466
417	482
418	5
418	158
418	240
418	284
418	313
418	317
418	318
418	320
418	325
418	363
418	366
418	392
418	408
418	424
418	431
418	435
418	473
418	491
418	492
419	94
419	101
419	102
419	307
419	331
419	338
419	386
419	390
419	395
419	407
419	420
419	433
419	437
419	445
419	453
419	459
419	469
419	475
419	479
419	481
420	12
420	102
420	133
420	269
420	301
420	315
420	338
420	343
420	374
420	407
420	412
420	433
420	437
420	445
420	453
420	459
420	469
420	475
420	479
420	481
421	35
421	81
421	139
421	251
421	256
421	257
421	268
421	271
421	275
421	279
421	291
421	300
421	375
421	397
421	411
421	455
421	456
421	475
421	480
421	498
422	139
422	153
422	245
422	251
422	257
422	263
422	275
422	279
422	357
422	375
422	383
422	402
422	421
422	429
422	452
422	455
422	456
422	475
422	498
423	49
423	134
423	218
423	243
423	265
423	324
423	334
423	337
423	378
423	389
423	401
423	410
423	416
423	428
423	430
423	439
423	450
423	466
423	467
423	490
424	5
424	34
424	72
424	104
424	128
424	158
424	194
424	239
424	336
424	339
424	340
424	342
424	347
424	365
424	405
424	408
424	418
424	448
424	454
424	471
425	11
425	255
425	273
425	278
425	283
425	293
425	322
425	341
425	388
425	409
425	415
425	427
425	432
425	442
425	449
425	458
425	460
425	463
425	464
425	480
426	195
426	242
426	259
426	309
426	330
426	391
426	394
426	396
426	413
426	436
426	441
426	447
426	457
426	474
426	477
426	483
426	484
426	485
426	486
426	488
426	489
426	493
426	495
426	496
426	499
426	500
427	168
427	193
427	197
427	208
427	221
427	311
427	327
427	361
427	380
427	403
427	406
427	438
427	443
427	444
427	448
427	451
427	454
427	461
427	472
427	491
428	97
428	109
428	148
428	218
428	233
428	243
428	303
428	321
428	324
428	344
428	355
428	382
428	389
428	423
428	430
428	439
428	450
428	466
428	467
428	490
429	51
429	139
429	245
429	251
429	257
429	271
429	275
429	291
429	375
429	397
429	402
429	411
429	421
429	422
429	452
429	455
429	456
429	475
429	498
430	97
430	148
430	164
430	218
430	270
430	303
430	329
430	334
430	337
430	378
430	389
430	401
430	410
430	423
430	428
430	439
430	450
430	466
430	467
430	490
431	17
431	21
431	67
431	98
431	154
431	155
431	157
431	172
431	177
431	288
431	318
431	363
431	366
431	368
431	376
431	408
431	417
431	434
431	468
432	107
432	124
432	143
432	166
432	253
432	267
432	277
432	290
432	293
432	322
432	341
432	365
432	404
432	415
432	442
432	449
432	463
432	464
432	480
432	497
433	57
433	101
433	206
433	256
433	269
433	331
433	343
433	385
433	386
433	395
433	412
433	419
433	420
433	437
433	445
433	453
433	469
433	479
433	481
433	497
434	93
434	132
434	172
434	177
434	240
434	308
434	318
434	320
434	363
434	370
434	372
434	376
434	408
434	417
434	418
434	421
434	431
434	435
434	468
434	497
435	17
435	59
435	67
435	132
435	240
435	259
435	272
435	274
435	317
435	366
435	368
435	370
435	383
435	408
435	417
435	431
435	434
435	462
435	468
435	482
436	205
436	304
436	333
436	354
436	387
436	394
436	396
436	413
436	441
436	443
436	446
436	447
436	457
436	465
436	474
436	477
436	478
436	483
436	485
436	486
436	488
436	493
436	494
436	496
436	499
436	500
437	94
437	101
437	133
437	256
437	285
437	301
437	315
437	331
437	338
437	343
437	374
437	395
437	419
437	433
437	445
437	459
437	469
437	475
437	479
437	481
438	109
438	183
438	186
438	191
438	193
438	197
438	208
438	283
438	310
438	372
438	380
438	406
438	427
438	444
438	448
438	451
438	454
438	462
438	472
438	491
439	49
439	97
439	148
439	181
439	218
439	321
439	324
439	335
439	344
439	378
439	382
439	389
439	416
439	423
439	428
439	430
439	466
439	467
439	490
440	188
440	221
440	232
440	310
440	311
440	348
440	371
440	372
440	380
440	406
440	414
440	427
440	438
440	443
440	448
440	451
440	454
440	461
440	472
440	491
441	231
441	266
441	276
441	309
441	391
441	396
441	426
441	436
441	446
441	457
441	465
441	477
441	478
441	484
441	485
441	486
441	488
441	489
441	493
441	494
441	495
441	496
441	499
441	500
442	84
442	107
442	138
442	255
442	277
442	282
442	322
442	369
442	384
442	388
442	393
442	415
442	432
442	458
442	460
442	463
442	464
442	470
442	480
443	183
443	195
443	202
443	309
443	327
443	406
443	413
443	426
443	436
443	438
443	440
443	444
443	448
443	451
443	461
443	472
443	477
443	478
443	484
443	485
443	486
443	488
443	491
443	494
443	496
443	499
443	500
444	85
444	202
444	221
444	232
444	310
444	327
444	348
444	372
444	403
444	414
444	427
444	438
444	440
444	443
444	448
444	451
444	454
444	461
444	462
444	472
445	12
445	94
445	269
445	307
445	315
445	331
445	338
445	343
445	385
445	386
445	395
445	419
445	420
445	433
445	437
445	453
445	459
445	469
445	479
445	481
446	195
446	231
446	258
446	266
446	292
446	304
446	333
446	387
446	398
446	413
446	426
446	443
446	457
446	477
446	478
446	485
446	486
446	489
446	493
446	494
446	495
446	496
446	499
446	500
447	205
447	237
447	258
447	259
447	292
447	304
447	309
447	330
447	354
447	391
447	413
447	441
447	465
447	474
447	478
447	483
447	484
447	485
447	488
447	489
447	493
447	494
447	495
447	496
447	499
447	500
448	191
448	202
448	208
448	221
448	310
448	327
448	361
448	380
448	403
448	414
448	427
448	438
448	440
448	443
448	444
448	451
448	454
448	461
448	472
448	491
449	92
449	162
449	189
449	246
449	277
449	282
449	369
449	384
449	388
449	393
449	404
449	409
449	415
449	442
449	460
449	463
449	464
449	476
449	480
450	49
450	97
450	148
450	181
450	270
450	321
450	334
450	344
450	355
450	382
450	389
450	401
450	410
450	416
450	423
450	428
450	430
450	439
450	466
450	467
451	109
451	197
451	202
451	221
451	283
451	311
451	348
451	361
451	372
451	403
451	406
451	414
451	427
451	440
451	444
451	448
451	454
451	461
451	472
451	491
452	42
452	173
452	257
452	263
452	271
452	320
452	345
452	357
452	383
452	397
452	399
452	422
452	429
452	442
452	455
452	456
452	487
452	498
453	57
453	206
453	285
453	301
453	315
453	331
453	338
453	374
453	385
453	390
453	412
453	419
453	420
453	433
453	437
453	445
453	459
453	469
453	479
453	481
454	168
454	183
454	202
454	221
454	232
454	380
454	403
454	406
454	414
454	427
454	438
454	440
454	443
454	444
454	448
454	451
454	461
454	472
454	491
455	51
455	153
455	245
455	257
455	268
455	275
455	291
455	300
455	357
455	364
455	375
455	383
455	397
455	402
455	411
455	421
455	429
455	456
455	475
455	498
456	51
456	81
456	140
456	153
456	164
456	245
456	257
456	284
456	300
456	347
456	364
456	375
456	383
456	402
456	403
456	421
456	429
456	452
456	455
456	498
457	205
457	266
457	276
457	330
457	387
457	396
457	426
457	436
457	441
457	478
457	483
457	484
457	485
457	486
457	488
457	489
457	493
457	494
457	496
457	499
457	500
458	107
458	162
458	189
458	255
458	322
458	341
458	358
458	369
458	388
458	404
458	409
458	425
458	432
458	449
458	460
458	463
458	464
458	470
458	476
458	480
459	12
459	133
459	206
459	256
459	307
459	315
459	338
459	374
459	386
459	395
459	407
459	419
459	420
459	437
459	445
459	469
459	475
459	479
459	481
459	497
460	11
460	56
460	71
460	87
460	96
460	246
460	248
460	255
460	273
460	282
460	341
460	388
460	393
460	409
460	415
460	442
460	458
460	464
460	470
460	480
461	168
461	183
461	208
461	232
461	283
461	311
461	327
461	348
461	361
461	372
461	380
461	406
461	414
461	438
461	443
461	448
461	451
461	454
461	472
461	491
462	65
462	136
462	197
462	203
462	234
462	254
462	306
462	327
462	348
462	353
462	361
462	372
462	380
462	414
462	427
462	440
462	444
462	454
462	468
462	472
463	11
463	92
463	107
463	138
463	246
463	277
463	278
463	282
463	322
463	384
463	388
463	409
463	425
463	432
463	442
463	449
463	458
463	464
463	470
463	480
464	71
464	92
464	277
464	278
464	282
464	341
464	358
464	369
464	384
464	409
464	415
464	425
464	432
464	442
464	449
464	458
464	463
464	470
464	476
464	480
465	195
465	205
465	237
465	242
465	292
465	333
465	354
465	394
465	398
465	436
465	441
465	446
465	447
465	457
465	474
465	477
465	478
465	483
465	484
465	485
465	486
465	493
465	495
465	499
465	500
466	109
466	181
466	233
466	321
466	324
466	334
466	335
466	337
466	344
466	355
466	378
466	382
466	401
466	410
466	423
466	428
466	430
466	439
466	450
466	467
467	97
467	181
467	218
467	233
467	270
467	303
467	321
467	324
467	335
467	378
467	382
467	389
467	410
467	416
467	423
467	428
467	430
467	450
467	466
468	88
468	129
468	131
468	157
468	193
468	227
468	252
468	274
468	308
468	345
468	353
468	366
468	371
468	376
468	431
468	434
468	435
468	490
468	492
469	57
469	94
469	285
469	301
469	315
469	331
469	374
469	385
469	390
469	395
469	407
469	412
469	420
469	433
469	437
469	445
469	453
469	459
469	479
469	481
470	93
470	107
470	194
470	255
470	273
470	282
470	293
470	341
470	358
470	384
470	388
470	393
470	425
470	449
470	458
470	460
470	463
470	464
470	476
470	480
471	62
471	100
471	103
471	108
471	129
471	130
471	142
471	152
471	222
471	239
471	299
471	325
471	347
471	356
471	357
471	365
471	473
471	487
472	85
472	183
472	186
472	193
472	202
472	310
472	311
472	372
472	380
472	403
472	406
472	427
472	438
472	440
472	443
472	444
472	451
472	454
472	461
472	462
473	39
473	103
473	128
473	130
473	152
473	169
473	239
473	253
473	325
473	338
473	340
473	365
473	367
473	392
473	405
473	442
473	471
473	487
474	237
474	242
474	276
474	387
474	394
474	396
474	426
474	441
474	443
474	446
474	457
474	477
474	483
474	485
474	486
474	488
474	489
474	494
474	495
474	496
474	499
474	500
475	257
475	268
475	300
475	343
475	364
475	383
475	385
475	402
475	411
475	412
475	419
475	421
475	429
475	445
475	455
475	456
475	459
475	479
475	481
475	498
476	7
476	111
476	138
476	147
476	162
476	187
476	246
476	282
476	352
476	388
476	414
476	425
476	442
476	449
476	463
476	464
476	470
476	480
476	496
477	195
477	237
477	259
477	292
477	309
477	316
477	330
477	333
477	361
477	387
477	426
477	446
477	447
477	457
477	465
477	474
477	478
477	484
477	485
477	486
477	488
477	493
477	494
477	495
477	496
478	195
478	204
478	237
478	258
478	304
478	330
478	361
478	391
478	394
478	396
478	426
478	441
478	443
478	474
478	485
478	486
478	488
478	489
478	493
478	494
478	495
478	499
478	500
479	12
479	102
479	127
479	206
479	301
479	315
479	338
479	343
479	374
479	386
479	395
479	407
479	419
479	420
479	433
479	445
479	453
479	459
479	469
479	475
479	481
479	497
480	55
480	84
480	138
480	162
480	273
480	277
480	278
480	341
480	384
480	388
480	404
480	409
480	415
480	425
480	432
480	449
480	458
480	460
480	470
480	476
481	12
481	101
481	102
481	127
481	269
481	301
481	315
481	385
481	386
481	390
481	395
481	407
481	412
481	433
481	453
481	459
481	469
481	479
481	497
482	13
482	58
482	59
482	140
482	217
482	240
482	274
482	305
482	320
482	363
482	368
482	376
482	377
482	416
482	431
482	434
482	435
482	469
482	470
483	133
483	258
483	259
483	304
483	309
483	333
483	391
483	394
483	396
483	398
483	413
483	426
483	441
483	446
483	447
483	457
483	465
483	474
483	477
483	478
483	484
483	485
483	486
483	488
483	489
483	493
483	499
483	500
484	231
484	242
484	276
484	309
484	319
484	330
484	387
484	391
484	394
484	441
484	447
484	457
484	465
484	474
484	477
484	478
484	483
484	485
484	486
484	489
484	494
484	495
484	499
484	500
485	316
485	330
485	333
485	354
485	387
485	396
485	398
485	426
485	436
485	446
485	447
485	457
485	465
485	474
485	477
485	483
485	484
485	489
485	493
485	495
485	496
485	499
485	500
486	195
486	242
486	258
486	292
486	304
486	330
486	333
486	387
486	413
486	426
486	441
486	446
486	447
486	457
486	465
486	474
486	477
486	478
486	483
486	484
486	488
486	489
486	493
486	494
486	496
486	500
487	141
487	174
487	194
487	220
487	226
487	229
487	236
487	238
487	305
487	339
487	347
487	392
487	396
487	405
487	424
487	431
487	450
487	473
488	204
488	237
488	266
488	292
488	304
488	330
488	354
488	387
488	398
488	413
488	426
488	436
488	441
488	446
488	457
488	465
488	474
488	477
488	478
488	483
488	485
488	489
488	493
488	494
488	495
488	496
488	499
488	500
489	231
489	276
489	316
489	330
489	333
489	354
489	387
489	436
489	441
489	457
489	465
489	474
489	477
489	478
489	483
489	484
489	485
489	488
489	493
489	494
489	495
489	496
489	499
489	500
490	181
490	203
490	234
490	287
490	329
490	346
490	371
490	382
490	399
490	401
490	416
490	423
490	428
490	430
490	439
490	450
490	466
490	467
490	491
491	60
491	65
491	136
491	197
491	235
491	287
491	310
491	348
491	380
491	399
491	427
491	440
491	444
491	451
491	454
491	461
491	462
491	472
491	490
492	116
492	136
492	173
492	225
492	230
492	250
492	326
492	332
492	346
492	353
492	367
492	369
492	371
492	381
492	386
492	399
492	454
492	483
492	498
493	204
493	258
493	259
493	391
493	394
493	396
493	398
493	426
493	436
493	443
493	447
493	457
493	465
493	474
493	478
493	483
493	484
493	485
493	486
493	488
493	489
493	494
493	495
493	499
493	500
494	231
494	237
494	309
494	316
494	330
494	333
494	387
494	394
494	398
494	426
494	441
494	465
494	474
494	477
494	483
494	484
494	485
494	486
494	488
494	489
494	495
494	496
494	500
495	195
495	204
495	266
495	304
495	309
495	319
495	354
495	387
495	391
495	394
495	396
495	398
495	426
495	441
495	446
495	447
495	465
495	477
495	478
495	483
495	484
495	485
495	486
495	493
495	494
495	496
496	242
496	258
496	266
496	292
496	316
496	333
496	396
496	398
496	413
496	426
496	436
496	443
496	447
496	457
496	477
496	478
496	483
496	484
496	485
496	486
496	488
496	489
496	494
496	495
496	499
496	500
497	101
497	102
497	190
497	206
497	267
497	272
497	307
497	395
497	407
497	412
497	419
497	420
497	432
497	437
497	445
497	453
497	469
497	479
498	81
498	257
498	279
498	298
498	323
498	332
498	349
498	355
498	362
498	386
498	392
498	397
498	411
498	429
498	455
498	456
498	473
498	475
498	492
499	205
499	258
499	316
499	333
499	354
499	361
499	387
499	394
499	413
499	426
499	436
499	446
499	447
499	465
499	474
499	483
499	484
499	485
499	488
499	489
499	493
499	494
499	495
499	496
500	204
500	231
500	237
500	259
500	309
500	316
500	361
500	396
500	398
500	441
500	443
500	446
500	465
500	474
500	477
500	478
500	486
500	488
500	489
500	493
500	494
500	495
500	496
500	499
